180.08384150661269
180.66375096441845
181.24466308042776
181.8265767567601
182.40949076578477
182.99340374880413
183.5783142147518
184.1642205389087
184.75112096163676
185.3390135871317
185.92789638219583
186.51776717503233
187.10862365406103
187.7004633667581
188.29328371851963
188.8870819715508
189.48185524378138
190.0776005078091
190.67431458987133
191.27199416884687
191.87063577528872
192.47023579048843
193.0707904455741
193.67229582064274
194.27474784392754
194.878142291002
195.4824747840221
196.08774079100647
196.69393562515737
197.30105444422185
197.9090922498961
198.51804388727183
199.12790404432815
199.73866725146812
200.35032788110226
200.96288014727938
201.57631810536614
202.19063565177626
202.80582652375062
203.42188429918852
204.0388023965321
204.6565740747044
205.2751924331014
205.8946504116402
206.5149407908633
207.13605619209991
207.75798907768575
208.38073175124134
209.00427635801006
209.6286148852568
210.2537391627274
210.87964086316987
211.50631150291844
212.13374244254007
212.76192488754484
213.3908498891605
214.02050834517127
214.65089100082193
215.2819884497872
215.91379113520688
216.54628935078694
217.1794732419671
217.81333280715452
218.44785789902477
219.08303822588877
219.7188633531271
220.35532270469076
220.99240556466899
221.6301010789232
222.2683982567878
222.9072859728371
223.54675296871795
224.1867878550483
224.82737911338074
225.4685150982308
226.11018403916955
226.75237404297985
227.39507309587563
228.0382690657834
228.68194970468568
229.3261026510247
229.97071543216666
230.61577546692442
231.26127006813863
231.9071864453156
232.55351170732143
233.20023286513026
233.84733683462693
234.4948104394609
235.1426404139524
235.790813406047
236.43931598031924
237.08813462102245
237.73725573518428
238.3866656557454
239.03635064474062
239.68629689652042
240.3364905410108
240.98691764701053
241.6375642255236
242.28841623312417
242.93945957535468
243.59068011015194
244.24206365130178
244.89359597191958
245.5452628079539
246.19704986171251
246.84894280540794
247.5009272847206
248.1529889223778
248.8051133217458
249.4572860704341
250.1094927439079
250.76171890910908
251.41395012808087
252.06617196159658
252.71836997278805
253.3705297307738
254.0226368142824
254.67467681527148
255.3266353425376
255.97849802531738
256.63025051687583
257.2818784980806
257.9333676809603
258.58470381224436
259.23587267688225
259.886860101541
260.5376519580774
261.188234166985
261.8385927008117
262.48871358754786
263.1385829139822
263.7881868290234
264.4375115469868
265.0865433508425
265.73526859542505
266.38367371060224
267.03174520440075
267.6794696660884
268.32683376920977
268.9738242745758
269.62042803320406
270.2666319892086
270.9124231826393
271.5577887522683
272.20271593832183
272.8471920851578
273.49120464388665
274.1347411749352
274.77778935055164
275.42033695725223
276.0623718982063
276.7038821955617
277.34485599270766
277.98528155647506
278.6251472792738
279.2644416811658
279.9031534118747
280.54127125272913
281.17878411854207
281.8156810594234
282.4519512625274
283.0875840537332
283.7225688992593
284.3568954072106
284.99055332905994
285.6235325610619
286.2558231455998
286.8874152724668
287.51829928007936
288.1484656566252
288.7779050411444
289.4066082245446
290.03456615055137
290.66176991659177
291.28821077461475
291.91388013184576
292.5387695514779
293.16287075330035
293.7861756142627
294.40867616897776
295.03036461016313
295.6512332890211
296.27127471555883
296.8904815588493
297.50884664723276
298.1263629684618
298.74302366978804
299.35882205799345
299.9737515993663
300.58780591962307
301.2009788037764
301.81326419595143
302.4246561991501
303.03514907496566
303.64473724324733
304.2534152817168
304.8611779255378
305.46802006683873
306.0739367541911
306.678923192043
307.2829747401107
307.88608691272714
308.4882553781508
309.0894759578346
309.689744625656
310.2890575071104
310.88741087846756
311.4848011658938
312.08122494453966
312.6766789375943
313.2711600153096
313.864665193992
314.4571916349663
315.04873664350987
315.6392976677608
316.2288722975987
316.8174582635014
317.4050534353771
317.9916558213738
318.57726356666683
319.1618749522256
319.7454883935608
320.3281024394522
320.90971577065955
321.4903271986164
322.0699356641079
322.64854023593455
323.22614010956124
323.8027346057546
324.37832316920714
324.9529053671514
325.52648088796366
326.09904953975814
326.6706112489732
327.2411660589502
327.8107141285048
328.37925573049336
328.94679125037413
329.5133211847633
330.07884613998846
330.6433668306391
331.2068840781143
331.7693988091701
332.3309120544657
332.89142494710916
333.45093872120475
334.00945471040075
334.5669743464397
335.1234991577105
335.67903076780465
336.23357089407455
336.7871213461976
337.3396840247439
337.89126091974975
338.44185410929623
338.99146575809505
339.54009811607955
340.0877535170042
340.6344343770508
341.1801431934426
341.724882543067
342.26865508110706
342.8114635396816
343.35331072649495
343.89419952349624
344.4341328855492
344.9731138391118
345.5111454809266
346.04823097672215
346.5843735599255
347.11957653038587
347.6538432531106
348.1871771570122
348.7195817336672
349.25106053987236
349.7816172150318
350.3112554360326
350.8399789324593
351.367791490485
351.8946969517078
352.4206992120014
352.94580222037894
353.4700099778697
353.9933265364105
354.51575599774924
355.03730251236374
355.5579702783928
356.0777635405825
356.5966865892451
357.1147437592326
357.631939428924
358.1482780192266
358.66376399259076
359.17840185203926
359.6921961402101
0.2051514384135722
