# Martian Sol (left) with corresponding Solar longitude (right)
1 0.5125238221348705
2 1.024146359379252
3 1.534941992420795
4 2.044915434195427
5 2.5540714321518085
6 3.0624147673855355
7 3.569950253787361
8 4.0766827372047505
9 4.58261709461729
10 5.087758233325432
11 5.592111090152794
12 6.095680630661712
13 6.598471848382371
14 7.100489764054578
15 7.601739424883536
16 8.102225903807803
17 8.601954298780598
18 9.10092973206419
19 9.599157349536497
20 10.096642320010899
21 10.593389834568242
22 11.089405105901477
23 11.584693367672566
24 12.079259873881693
25 12.573109898248612
26 13.066248733605942
27 13.558681691304232
28 14.050414100629455
29 14.54145130823123
30 15.031798677563236
31 15.52146158833495
32 16.01044543597465
33 16.498755631103414
34 16.986397599020606
35 17.473376779199956
36 17.9596986247965
37 18.445368602164457
38 18.930392190385284
39 19.414774880806604
40 19.89852217659112
41 20.381639592275803
42 20.86413265334134
43 21.346006895791156
44 21.827267865740506
45 22.307921119015283
46 22.78797222076028
47 23.267426745056756
48 23.746290274549548
49 24.224568400083275
50 24.702266720347502
51 25.179390841530957
52 25.655946376984577
53 26.131938946892955
54 26.607374177954743
55 27.082257703071257
56 27.55659516104329
57 28.030392196276377
58 28.50365445849397
59 28.976387602458612
60 29.4485972877008
61 29.920289178255747
62 30.39146894240765
63 30.862142252441387
64 31.33231478440169
65 31.801992217859276
66 32.27118023568455
67 32.73988452382775
68 33.20811077110665
69 33.675864669000354
70 34.143151911450374
71 34.60997819466777
72 35.076349216946916
73 35.54227067848601
74 36.00774828121303
75 36.47278772861837
76 36.93739472559343
77 37.4015749782751
78 37.86533419389564
79 38.32867808063918
80 38.79161234750268
81 39.254142704163414
82 39.71627486085126
83 40.178014528226335
84 40.63936741726221
85 41.10033923913374
86 41.5609357051102
87 42.02116252645328
88 42.481025414319944
89 42.940530079669784
90 43.39968223317738
91 43.85848758514876
92 44.316951845442766
93 44.77508072339631
94 45.232879927754425
95 45.690355166603965
96 46.147512147311694
97 46.60435657646644
98 47.06089415982487
99 47.51713060226137
100 47.97307160772167
101 48.42872287917991
102 48.88409011859944
103 49.33917902689717
104 49.793995303911124
105 50.24854464837173
106 50.70283275787592
107 51.156865328864626
108 51.61064805660339
109 52.064186635165974
110 52.51748675742089
111 52.970554115020796
112 53.42339439839476
113 53.87601329674298
114 54.32841649803483
115 54.78060968900832
116 55.23259855517338
117 55.68438878081641
118 56.13598604900806
119 56.587396041612735
120 57.038624439300456
121 57.489676921561106
122 57.94055916672027
123 58.39127685195755
124 58.84183565332651
125 59.292241245776566
126 59.74249930317686
127 60.19261549834126
128 60.64259550305585
129 61.092444988107474
130 61.54216962331381
131 61.99177507755505
132 62.441267018807146
133 62.89065111417598
134 63.33993302993297
135 63.789118431552
136 64.23821298374746
137 64.687222350513
138 65.1361521951619
139 65.58500818036784
140 66.03379596820675
141 66.48252122019954
142 66.93118959735554
143 67.37980676021652
144 67.82837836890151
145 68.27691008315205
146 68.72540756237791
147 69.17387646570347
148 69.6223224520143
149 70.0707511800039
150 70.51916830822101
151 70.96757949511712
152 71.41599039909362
153 71.86440667854954
154 72.31283399192917
155 72.76127799776935
156 73.20974435474719
157 73.65823872172673
158 74.10676675780644
159 74.55533412236542
160 75.00394647511003
161 75.45260947611946
162 75.90132878589121
163 76.35011006538585
164 76.79895897607118
165 77.24788117996567
166 77.6968823396814
167 78.14596811846565
168 78.59514418024243
169 79.04441618965207
170 79.49378981209097
171 79.943270713749
172 80.39286456164709
173 80.84257702367243
174 81.29241376861344
175 81.74238046619257
176 82.1924827870984
177 82.64272640301556
178 83.0931169866542
179 83.54366021177661
180 83.99436175322302
181 84.44522728693568
182 84.89626248998051
183 85.34747304056783
184 85.79886461807021
185 86.25044290303912
186 86.70221357721884
187 87.15418232355891
188 87.60635482622386
189 88.05873677060093
190 88.51133384330524
191 88.96415173218294
192 89.41719612631117
193 89.87047271599633
194 90.32398719276908
195 90.77774524937668
196 91.23175257977296
197 91.68601487910502
198 92.14053784369708
199 92.59532717103136
200 93.05038855972599
201 93.50572770950966
202 93.96135032119267
203 94.41726209663533
204 94.87346873871235
205 95.32997595127424
206 95.78678943910448
207 96.24391490787373
208 96.70135806408992
209 97.15912461504473
210 97.61722026875553
211 98.07565073390461
212 98.53442171977264
213 98.9935389361696
214 99.45300809336028
215 99.91283490198613
216 100.37302507298207
217 100.8335843174894
218 101.29451834676362
219 101.7558328720778
220 102.217533604621
221 102.67962625539174
222 103.14211653508681
223 103.60501015398448
224 104.0683128218229
225 104.53203024767299
226 104.99616813980624
227 105.4607322055566
228 105.92572815117708
229 106.39116168169046
230 106.85703850073448
231 107.32336431040088
232 107.79014481106839
233 108.25738570122977
234 108.72509267731284
235 109.1932714334945
236 109.66192766150897
237 110.13106705044929
238 110.60069528656199
239 111.0708180530351
240 111.54144102977952
241 112.01256989320287
242 112.4842103159768
243 112.95636796679662
244 113.42904851013377
245 113.90225760598094
246 114.37600090958965
247 114.85028407119958
248 115.32511273576083
249 115.80049254264786
250 116.2764291253654
251 116.75292811124622
252 117.2299951211406
253 117.70763576909751
254 118.18585566203683
255 118.66466039941349
256 119.14405557287245
257 119.62404676589472
258 120.10463955343464
259 120.58583950154755
260 121.06765216700877
261 121.5500830969225
262 122.03313782832183
263 122.5168218877583
264 123.00114079088249
265 123.48610004201431
266 123.97170513370291
267 124.457961546277
268 124.94487474738455
269 125.43245019152207
270 125.92069331955341
271 126.40960955821787
272 126.89920431962733
273 127.38948300075283
274 127.88045098289972
275 128.37211363117174
276 128.86447629392399
277 129.35754430220413
278 129.85132296918243
279 130.34581758956992
280 130.8410334390246
281 131.33697577354636
282 131.8336498288591
283 132.3310608197815
284 132.82921393958475
285 133.328114359339
286 133.82776722724603
287 134.3281776679607
288 134.8293507818986
289 135.331291644532
290 135.834005305672
291 136.3374967887384
292 136.84177109001615
293 137.34683317789884
294 137.85268799211906
295 138.3593404429653
296 138.86679541048542
297 139.37505774367708
298 139.88413225966414
299 140.39402374285984
300 140.90473694411625
301 141.41627657985995
302 141.92864733121417
303 142.4418538431067
304 142.95590072336478
305 143.47079254179508
306 143.98653382925082
307 144.50312907668408
308 145.02058273418493
309 145.53889921000618
310 146.0580828695743
311 146.57813803448627
312 147.09906898149305
313 147.62087994146827
314 148.14357509836393
315 148.66715858815155
316 149.19163449774996
317 149.71700686393942
318 150.2432796722614
319 150.7704568559058
320 151.29854229458348
321 151.82753981338644
322 152.35745318163376
323 152.88828611170513
324 153.42004227019723
325 153.95272527473162
326 154.48633866049187
327 155.0208859003851
328 155.556370404283
329 156.09279551777746
330 156.63016452092444
331 157.16848062697593
332 157.70774698110043
333 158.24796665909196
334 158.78914266606816
335 159.3312779351575
336 159.87437532617585
337 160.41843762429318
338 160.96346753868966
339 161.50946770120282
340 162.0564406649651
341 162.6043889030322
342 163.15331480700362
343 163.70322068563414
344 164.25410876343813
345 164.80598117928616
346 165.35883998499492
347 165.91268714391015
348 166.46752452948425
349 167.02335392384768
350 167.5801770163757
351 168.13799540225034
352 168.69681058101852
353 169.25662395514658
354 169.81743682857197
355 170.37925040525255
356 170.9420657877145
357 171.50588397559858
358 172.0707058642064
359 172.63653224304676
360 173.20336379438282
361 173.77120109178097
362 174.3400445986618
363 174.90989466685417
364 175.48075153515333
365 176.05261532788296
366 176.62548605346305
367 177.19936360298374
368 177.77424774878594
369 178.35013814304995
370 178.92703431639248
371 179.50493567647342
372 180.08384150661269
373 180.66375096441845
374 181.24466308042776
375 181.8265767567601
376 182.40949076578477
377 182.99340374880413
378 183.5783142147518
379 184.1642205389087
380 184.75112096163676
381 185.3390135871317
382 185.92789638219583
383 186.51776717503233
384 187.10862365406103
385 187.7004633667581
386 188.29328371851963
387 188.8870819715508
388 189.48185524378138
389 190.0776005078091
390 190.67431458987133
391 191.27199416884687
392 191.87063577528872
393 192.47023579048843
394 193.0707904455741
395 193.67229582064274
396 194.27474784392754
397 194.878142291002
398 195.4824747840221
399 196.08774079100647
400 196.69393562515737
401 197.30105444422185
402 197.9090922498961
403 198.51804388727183
404 199.12790404432815
405 199.73866725146812
406 200.35032788110226
407 200.96288014727938
408 201.57631810536614
409 202.19063565177626
410 202.80582652375062
411 203.42188429918852
412 204.0388023965321
413 204.6565740747044
414 205.2751924331014
415 205.8946504116402
416 206.5149407908633
417 207.13605619209991
418 207.75798907768575
419 208.38073175124134
420 209.00427635801006
421 209.6286148852568
422 210.2537391627274
423 210.87964086316987
424 211.50631150291844
425 212.13374244254007
426 212.76192488754484
427 213.3908498891605
428 214.02050834517127
429 214.65089100082193
430 215.2819884497872
431 215.91379113520688
432 216.54628935078694
433 217.1794732419671
434 217.81333280715452
435 218.44785789902477
436 219.08303822588877
437 219.7188633531271
438 220.35532270469076
439 220.99240556466899
440 221.6301010789232
441 222.2683982567878
442 222.9072859728371
443 223.54675296871795
444 224.1867878550483
445 224.82737911338074
446 225.4685150982308
447 226.11018403916955
448 226.75237404297985
449 227.39507309587563
450 228.0382690657834
451 228.68194970468568
452 229.3261026510247
453 229.97071543216666
454 230.61577546692442
455 231.26127006813863
456 231.9071864453156
457 232.55351170732143
458 233.20023286513026
459 233.84733683462693
460 234.4948104394609
461 235.1426404139524
462 235.790813406047
463 236.43931598031924
464 237.08813462102245
465 237.73725573518428
466 238.3866656557454
467 239.03635064474062
468 239.68629689652042
469 240.3364905410108
470 240.98691764701053
471 241.6375642255236
472 242.28841623312417
473 242.93945957535468
474 243.59068011015194
475 244.24206365130178
476 244.89359597191958
477 245.5452628079539
478 246.19704986171251
479 246.84894280540794
480 247.5009272847206
481 248.1529889223778
482 248.8051133217458
483 249.4572860704341
484 250.1094927439079
485 250.76171890910908
486 251.41395012808087
487 252.06617196159658
488 252.71836997278805
489 253.3705297307738
490 254.0226368142824
491 254.67467681527148
492 255.3266353425376
493 255.97849802531738
494 256.63025051687583
495 257.2818784980806
496 257.9333676809603
497 258.58470381224436
498 259.23587267688225
499 259.886860101541
500 260.5376519580774
501 261.188234166985
502 261.8385927008117
503 262.48871358754786
504 263.1385829139822
505 263.7881868290234
506 264.4375115469868
507 265.0865433508425
508 265.73526859542505
509 266.38367371060224
510 267.03174520440075
511 267.6794696660884
512 268.32683376920977
513 268.9738242745758
514 269.62042803320406
515 270.2666319892086
516 270.9124231826393
517 271.5577887522683
518 272.20271593832183
519 272.8471920851578
520 273.49120464388665
521 274.1347411749352
522 274.77778935055164
523 275.42033695725223
524 276.0623718982063
525 276.7038821955617
526 277.34485599270766
527 277.98528155647506
528 278.6251472792738
529 279.2644416811658
530 279.9031534118747
531 280.54127125272913
532 281.17878411854207
533 281.8156810594234
534 282.4519512625274
535 283.0875840537332
536 283.7225688992593
537 284.3568954072106
538 284.99055332905994
539 285.6235325610619
540 286.2558231455998
541 286.8874152724668
542 287.51829928007936
543 288.1484656566252
544 288.7779050411444
545 289.4066082245446
546 290.03456615055137
547 290.66176991659177
548 291.28821077461475
549 291.91388013184576
550 292.5387695514779
551 293.16287075330035
552 293.7861756142627
553 294.40867616897776
554 295.03036461016313
555 295.6512332890211
556 296.27127471555883
557 296.8904815588493
558 297.50884664723276
559 298.1263629684618
560 298.74302366978804
561 299.35882205799345
562 299.9737515993663
563 300.58780591962307
564 301.2009788037764
565 301.81326419595143
566 302.4246561991501
567 303.03514907496566
568 303.64473724324733
569 304.2534152817168
570 304.8611779255378
571 305.46802006683873
572 306.0739367541911
573 306.678923192043
574 307.2829747401107
575 307.88608691272714
576 308.4882553781508
577 309.0894759578346
578 309.689744625656
579 310.2890575071104
580 310.88741087846756
581 311.4848011658938
582 312.08122494453966
583 312.6766789375943
584 313.2711600153096
585 313.864665193992
586 314.4571916349663
587 315.04873664350987
588 315.6392976677608
589 316.2288722975987
590 316.8174582635014
591 317.4050534353771
592 317.9916558213738
593 318.57726356666683
594 319.1618749522256
595 319.7454883935608
596 320.3281024394522
597 320.90971577065955
598 321.4903271986164
599 322.0699356641079
600 322.64854023593455
601 323.22614010956124
602 323.8027346057546
603 324.37832316920714
604 324.9529053671514
605 325.52648088796366
606 326.09904953975814
607 326.6706112489732
608 327.2411660589502
609 327.8107141285048
610 328.37925573049336
611 328.94679125037413
612 329.5133211847633
613 330.07884613998846
614 330.6433668306391
615 331.2068840781143
616 331.7693988091701
617 332.3309120544657
618 332.89142494710916
619 333.45093872120475
620 334.00945471040075
621 334.5669743464397
622 335.1234991577105
623 335.67903076780465
624 336.23357089407455
625 336.7871213461976
626 337.3396840247439
627 337.89126091974975
628 338.44185410929623
629 338.99146575809505
630 339.54009811607955
631 340.0877535170042
632 340.6344343770508
633 341.1801431934426
634 341.724882543067
635 342.26865508110706
636 342.8114635396816
637 343.35331072649495
638 343.89419952349624
639 344.4341328855492
640 344.9731138391118
641 345.5111454809266
642 346.04823097672215
643 346.5843735599255
644 347.11957653038587
645 347.6538432531106
646 348.1871771570122
647 348.7195817336672
648 349.25106053987236
649 349.7816172150318
650 350.3112554360326
651 350.8399789324593
652 351.367791490485
653 351.8946969517078
654 352.4206992120014
655 352.94580222037894
656 353.4700099778697
657 353.9933265364105
658 354.51575599774924
659 355.03730251236374
660 355.5579702783928
661 356.0777635405825
662 356.5966865892451
663 357.1147437592326
664 357.631939428924
665 358.1482780192266
666 358.66376399259076
667 359.17840185203926
668 359.6921961402101
669 0.2051514384135722
